171693
267543
691769
605171
270012
870017
176784
785392
534668
265816
551402
481199
572355
200051
324333
182600
754709
883600
626327
898659
455859
406864
392555
62956
374320
122774
42264
675484
875396
431205
668678
806486
85045
94958
308357
337913
792875
928004
68800
522190
707745
804609
485131
902885
845225
872039
943121
303994
264899
936304
55827
327378
643595
199723
15224
388648
346256
789480
605851
296771
465993
125424
145909
282370
714303
670280
208970
671374
556250
783358
639177
893332
111229
189801
821294
291196
133303
410263
794420
388845
902018
793794
680005
755712
532772
877037
592747
739903
712276
339605
913195
659151
175314
571206
774759
680059
657835
672996
344626
128757
